dungeon
12,14
0:wall,0:wall,0:wall,0:wall,0:wall,0:wall,0:wall,0:wall,0:wall,0:wall,0:wall,0:wall
0:wall,67,67,67,67,67,67,67,67,67,67,0:wall
0:wall,67,67,67,67,67,67,67,67,67:fg/44:spawn:xfer/town/9/2,67,0:wall
0:wall,67,67,67,67,67,67,67,67,67,67,0:wall
0:wall,67,67,67,67,67,67,67,67,67,67,0:wall
0:wall,67,67,67,67,67,67,67,67,67,67,0:wall
0:wall,67,67,67,67,67,67,67,67,67,67,0:wall
0:wall,67,67,67,67,67,67,67,67,67,67,0:wall
0:wall,67,67,67,67,67,67,67,67,67,67,0:wall
0:wall,67,67,67,67,67,67,67,67,67,67,0:wall
0:wall,67,67,67,67,67,67,67,67,67,67,0:wall
0:wall,67,67,67,67,67,67,67,67,67,67,0:wall
0:wall,67,67,67,67,67,67,67,67,67,67,0:wall
0:wall,0:wall,0:wall,0:wall,0:wall,0:wall,0:wall,0:wall,0:wall,0:wall,0:wall,0:wall